0
5
2
72
99,21,22,23,24,24,23,22,21,99,99,99,99,99,99,99,99,99,99,99,99,99,99,99,99,99,99,99,99,99,99,99,99,99,99,99,99,99,99,99,99,99,99,99,99,99,99,99,99,99,99,99,99,99,99,99,99,99,99,99,99,99,99,99,99,99,99,99,99,99,99,99,99,99,99,99,99,99,99,99,99,99,99,99,99,99,99,99,99,99,99,11,12,13,14,14,13,12,11,99,
99,21,22,23,24,24,23,22,21,99,99,99,99,99,99,99,99,99,99,99,99,99,99,99,99,99,99,99,99,99,99,99,99,99,99,99,99,99,99,99,99,99,99,99,99,99,99,99,99,99,99,99,99,99,99,99,99,99,99,99,99,99,99,99,99,99,99,99,99,99,99,99,99,99,99,99,99,99,99,99,99,99,13,99,99,99,99,99,99,99,99,11,12,99,14,14,13,12,11,99,
99,21,22,23,24,99,23,22,21,99,99,99,99,99,24,99,99,99,99,99,99,99,99,99,99,99,99,99,99,99,99,99,99,99,99,99,99,99,99,99,99,99,99,99,99,99,99,99,99,99,99,99,99,99,99,99,99,99,99,99,99,99,99,99,99,99,99,99,99,99,99,99,99,99,99,99,99,99,99,99,99,99,13,99,99,99,99,99,99,99,99,11,12,99,14,14,13,12,11,99,
99,21,22,23,24,99,23,22,21,99,99,99,99,99,24,99,99,99,99,99,99,99,99,99,99,99,99,99,99,99,99,99,99,99,99,99,99,99,99,99,99,99,99,99,99,99,99,99,99,99,99,99,99,99,99,99,99,99,99,99,99,99,99,99,99,99,99,99,99,99,99,99,99,99,99,99,99,99,99,99,99,99,13,14,99,99,99,99,99,99,99,11,12,99,99,14,13,12,11,99,
99,21,22,23,99,99,23,22,21,99,99,99,99,24,24,99,99,99,99,99,99,99,99,99,99,99,99,99,99,99,99,99,99,99,99,99,99,99,99,99,99,99,99,99,99,99,99,99,99,99,99,99,99,99,99,99,99,99,99,99,99,99,99,99,99,99,99,99,99,99,99,99,99,99,99,99,99,99,99,99,99,99,13,14,99,99,99,99,99,99,99,11,12,99,99,14,13,12,11,99,
99,21,22,23,99,99,23,22,21,99,99,99,99,24,24,99,99,99,99,99,99,99,99,99,99,99,99,99,99,99,99,99,99,99,99,99,99,99,99,99,99,99,99,99,99,99,99,99,99,99,99,99,99,99,99,99,99,99,99,99,99,99,99,99,99,99,99,99,99,99,99,99,99,99,99,99,99,99,99,99,99,14,13,99,99,99,99,99,99,99,99,11,12,99,99,14,13,12,11,99,
99,21,22,99,99,99,23,22,21,99,99,99,99,24,24,99,99,99,99,99,99,99,99,99,99,23,99,99,99,99,99,99,99,99,99,99,99,99,99,99,99,99,99,99,99,99,99,99,99,99,99,99,99,99,99,99,99,99,99,99,99,99,99,99,99,99,99,99,99,99,99,99,99,99,99,99,99,99,99,99,99,14,13,99,99,99,99,99,99,99,99,11,12,99,99,14,13,12,11,99,
99,21,22,99,99,99,23,22,21,99,99,99,99,24,24,99,99,99,99,99,99,99,99,99,99,23,99,99,99,99,99,99,99,99,99,99,99,99,99,99,99,99,99,99,99,99,99,99,99,99,99,99,99,99,99,99,99,99,99,99,99,99,99,99,99,99,99,99,99,99,99,11,99,99,99,99,99,99,99,99,99,14,13,99,99,99,99,99,99,99,99,99,12,99,99,14,13,12,11,99,
99,21,22,99,99,99,23,99,21,99,99,99,99,24,24,99,22,99,99,99,99,99,99,99,99,23,99,99,99,99,99,99,99,99,99,99,99,99,99,99,99,99,99,99,99,99,99,99,99,99,99,99,99,99,99,99,99,99,99,99,99,99,99,99,99,99,99,99,99,99,99,11,99,99,99,99,99,99,99,99,99,14,13,99,99,99,99,99,99,99,99,99,12,99,99,14,13,12,11,99,
99,21,22,99,99,99,23,99,21,99,99,99,99,24,24,99,22,99,99,99,99,99,99,99,99,23,99,99,99,99,99,99,99,99,99,99,99,99,99,99,99,99,99,99,99,99,99,99,99,99,99,99,99,99,99,99,99,99,99,99,99,14,99,99,99,99,99,99,99,99,99,11,99,99,99,99,99,99,99,99,99,99,13,99,99,99,99,99,99,99,99,99,12,99,99,14,13,12,11,99,
99,21,22,99,99,99,99,99,21,99,99,99,99,24,24,23,22,99,99,99,99,99,99,99,99,23,99,99,99,99,99,99,99,99,99,99,99,99,99,99,99,99,99,99,99,99,99,99,99,99,99,99,99,99,99,99,99,99,99,99,99,14,99,99,99,99,99,99,99,99,99,11,99,99,99,99,99,99,99,99,99,99,13,99,99,99,99,99,99,99,99,99,12,99,99,14,13,12,11,99,
99,21,22,99,99,99,99,99,21,99,99,99,99,24,24,23,22,99,99,99,99,99,99,99,99,23,99,99,99,99,99,99,99,99,99,99,99,99,99,99,99,99,99,99,99,99,99,99,99,99,99,11,99,99,99,99,99,99,99,99,99,14,99,99,99,99,99,99,99,99,99,99,99,99,99,99,99,99,99,99,99,99,13,99,99,99,99,99,99,99,99,99,12,99,99,14,13,12,11,99,
99,21,22,99,99,99,99,99,99,99,99,99,99,24,24,23,22,99,21,99,99,99,99,99,99,23,99,99,99,99,99,99,99,99,99,99,99,99,99,99,99,99,99,99,99,99,99,99,99,99,99,11,99,99,99,99,99,99,99,99,99,14,99,99,99,99,99,99,99,99,99,99,99,99,99,99,99,99,99,99,99,99,13,99,99,99,99,99,99,99,99,99,12,99,99,14,13,12,11,99,
99,21,22,99,99,99,99,99,99,99,99,99,99,24,24,23,22,99,21,99,99,99,99,99,99,23,99,99,99,99,99,99,99,99,99,99,99,99,99,99,99,99,99,99,99,99,99,99,99,99,99,11,99,99,99,99,99,99,99,99,99,14,99,99,99,99,99,99,99,99,99,99,99,99,99,99,99,99,99,99,99,99,13,99,99,99,14,99,99,99,99,99,12,99,99,99,13,12,11,99,
99,99,22,99,99,99,99,99,99,99,99,99,99,24,24,23,22,99,21,99,99,99,99,21,99,23,99,99,99,99,99,99,99,99,99,99,99,99,99,99,99,99,99,99,99,99,99,99,99,99,99,11,99,99,99,99,99,99,99,99,99,14,99,99,99,99,99,99,99,99,99,99,99,99,99,99,99,99,99,99,99,99,13,99,99,99,14,99,99,99,99,99,12,99,99,99,13,12,11,99,
99,99,22,99,99,99,99,99,99,99,99,99,99,24,24,23,22,99,21,99,99,99,99,21,99,23,99,99,99,99,99,99,99,99,99,99,99,99,99,99,99,99,99,99,99,99,99,99,99,99,99,11,99,99,99,99,99,99,99,99,99,14,99,99,99,99,99,99,99,99,99,99,99,99,99,12,99,99,99,99,99,99,13,99,99,99,14,99,99,99,99,99,12,99,99,99,13,99,11,99,
99,99,99,99,99,99,99,99,99,99,99,99,99,24,24,23,22,99,21,99,99,99,22,21,99,23,99,99,99,99,99,99,99,99,99,99,99,99,99,99,99,99,99,99,99,99,99,99,99,99,99,11,99,99,99,99,99,99,99,99,99,14,99,99,99,99,99,99,99,99,99,99,99,99,99,12,99,99,99,99,99,99,13,99,99,99,14,99,99,99,99,99,12,99,99,99,13,99,11,99,
99,99,99,99,99,99,99,99,99,99,99,99,99,24,24,23,22,99,21,99,99,99,22,21,99,23,99,99,99,99,99,99,99,99,99,99,99,99,99,99,99,99,99,99,99,99,99,99,99,99,99,11,99,99,99,99,99,99,99,99,99,14,99,99,99,99,99,99,99,99,99,99,99,99,99,12,99,99,99,99,99,99,13,99,99,99,14,99,11,99,99,99,12,99,99,99,13,99,99,99,
99,99,99,99,99,99,99,99,99,99,99,99,99,99,24,23,22,99,21,99,99,99,22,21,99,23,99,99,99,99,99,24,99,99,99,99,99,99,99,99,99,99,99,99,99,99,99,99,99,99,99,11,99,99,99,99,99,99,99,99,99,14,99,99,99,99,99,99,99,99,99,99,99,99,99,12,99,99,99,99,99,99,13,99,99,99,14,99,11,99,99,99,12,99,99,99,13,99,99,99,
99,99,99,99,99,99,99,99,99,99,99,99,99,99,24,23,22,99,21,99,99,99,22,21,99,23,99,99,99,99,99,24,99,99,99,99,99,99,99,99,99,99,99,99,99,99,99,99,99,99,99,11,99,99,99,99,99,99,99,99,99,14,99,99,99,99,99,99,99,99,99,99,99,99,99,12,99,99,99,99,99,99,13,12,99,99,14,99,11,99,99,99,99,99,99,99,13,99,99,99,
99,99,99,99,99,99,99,99,99,99,99,99,99,99,24,23,22,99,21,99,99,99,99,21,99,23,99,99,99,99,99,24,99,99,99,99,99,99,99,99,99,99,99,99,99,99,99,99,99,99,99,11,99,99,99,99,99,99,99,99,99,14,22,99,99,99,99,99,99,99,99,99,99,99,99,12,99,99,99,99,99,99,13,12,99,99,14,99,11,99,99,99,99,99,99,99,13,99,99,99,
99,99,99,99,99,99,99,99,99,99,99,99,99,99,24,23,22,99,21,99,99,99,99,21,99,23,99,99,99,99,99,24,99,99,99,99,99,99,99,99,99,99,99,99,99,99,99,99,99,99,99,11,99,99,99,99,99,99,99,99,99,14,22,99,99,99,99,99,99,99,99,99,99,99,99,12,99,99,99,99,99,99,13,12,99,13,14,99,11,99,99,99,99,99,99,99,99,99,99,99,
99,99,99,99,99,99,99,99,99,99,99,99,99,99,24,23,22,99,21,99,99,99,99,21,99,23,99,99,99,99,99,24,99,99,99,99,99,99,99,99,99,99,99,99,99,99,99,99,99,99,99,11,99,99,99,99,99,99,99,99,99,14,99,99,99,99,99,99,99,99,99,99,99,22,99,12,99,99,99,99,99,99,13,12,99,13,14,99,11,99,99,99,99,99,99,99,99,99,99,99,
99,99,99,99,99,99,99,99,99,99,99,99,99,99,24,23,22,99,21,99,99,99,99,21,99,23,99,99,99,99,99,24,99,99,99,99,99,99,99,99,99,99,99,99,99,99,99,99,99,99,99,11,99,99,99,99,99,99,99,99,99,14,99,99,13,99,99,99,99,99,99,99,99,22,99,12,99,99,99,99,99,99,99,12,99,13,14,99,11,99,99,99,99,99,99,99,99,99,99,99,
99,99,99,99,99,99,99,99,99,99,99,99,99,99,24,23,22,99,21,99,99,99,99,21,99,23,99,99,99,99,99,99,99,99,99,99,99,99,99,99,99,24,99,99,99,99,99,99,99,99,99,11,99,99,99,99,99,99,99,99,99,14,99,99,13,99,99,99,99,99,99,99,99,22,99,12,99,99,99,99,99,99,99,12,99,13,14,99,11,99,99,99,99,99,99,99,99,99,99,99,
99,99,99,99,99,99,99,99,99,99,99,99,99,99,24,23,22,99,21,99,99,99,99,21,99,23,99,99,99,99,99,11,99,99,99,99,99,99,99,99,99,24,99,99,99,99,99,99,99,99,99,99,99,99,99,99,99,99,99,99,99,14,99,99,13,99,99,99,99,99,99,99,99,22,99,12,99,99,99,99,99,99,99,12,99,13,14,99,11,99,99,99,99,99,99,99,99,99,99,99,
99,99,99,99,99,99,99,99,99,99,99,99,99,99,99,23,22,99,21,99,99,99,99,21,99,23,99,99,99,99,99,11,99,99,99,99,99,99,99,99,99,24,99,99,99,99,99,99,99,99,99,99,99,99,99,99,99,99,99,99,99,14,99,99,13,99,99,99,99,99,99,99,99,22,99,12,99,99,99,99,99,99,99,12,99,13,14,99,11,99,99,99,99,99,24,99,99,99,99,99,
99,99,99,99,99,99,99,99,99,99,99,99,99,99,99,23,22,99,21,99,99,99,99,21,99,23,99,99,99,99,99,11,99,99,99,99,99,99,99,99,99,24,99,99,99,99,99,99,99,99,99,99,99,12,99,99,99,99,99,99,99,14,99,99,13,99,99,99,99,99,99,99,99,22,99,99,99,99,99,99,99,99,99,12,99,13,14,99,11,99,99,99,99,99,24,99,99,99,99,99,
99,99,99,99,99,99,99,99,99,99,99,99,99,99,99,23,22,99,21,99,99,99,99,21,99,23,99,99,99,99,99,11,99,99,99,99,99,99,99,99,99,24,99,99,99,99,99,99,99,99,99,99,99,12,99,99,99,99,99,99,99,14,99,99,13,99,99,99,99,99,99,99,99,99,99,99,99,99,99,99,99,99,22,12,99,13,14,99,11,99,99,99,99,99,24,99,99,99,99,99,
99,99,99,99,99,99,99,99,99,99,99,99,99,99,99,23,22,99,21,99,99,99,99,21,99,23,99,99,99,99,99,11,99,99,99,99,99,99,99,99,99,24,99,99,99,99,99,99,99,99,99,99,99,12,99,99,99,99,99,99,99,14,99,99,13,99,99,99,99,99,99,99,99,99,12,99,99,99,99,99,99,99,22,99,99,13,14,99,11,99,99,99,99,99,24,99,99,99,99,99,
99,99,99,99,99,99,99,99,99,99,99,99,99,99,99,99,22,99,21,99,99,99,99,21,23,23,99,99,99,99,99,11,99,99,99,99,99,99,99,99,99,24,99,99,99,99,99,99,99,99,99,99,99,12,99,99,99,99,99,99,99,14,99,99,13,99,99,99,99,99,99,99,99,99,12,99,99,99,99,99,99,99,22,99,99,13,14,99,11,99,99,99,99,99,24,99,99,99,99,99,
99,99,99,99,99,99,99,99,99,99,99,99,99,99,99,99,22,99,21,99,13,99,99,21,23,23,99,99,99,99,99,11,99,99,99,99,99,99,99,99,99,24,99,99,99,99,99,99,99,99,99,99,99,12,99,99,99,99,99,99,99,14,99,99,99,99,99,99,99,99,99,99,99,99,12,99,99,99,99,99,99,99,22,99,99,13,14,99,11,99,99,99,99,99,24,99,99,99,99,99,
99,99,99,99,99,99,99,99,99,99,99,99,99,99,99,99,22,99,21,99,13,99,99,21,23,23,99,99,99,99,99,11,99,99,99,99,99,99,99,99,99,24,99,99,99,99,99,99,99,99,99,99,99,12,99,99,99,99,99,99,99,14,99,99,99,99,99,99,99,99,99,99,99,99,12,99,99,99,99,99,99,99,99,99,99,13,14,99,11,99,99,22,99,99,24,99,99,99,99,99,
99,99,99,99,99,99,99,99,99,99,99,99,99,99,99,99,22,99,21,99,13,99,99,21,23,23,99,99,99,99,99,11,99,99,99,99,99,99,99,99,99,24,99,99,99,99,99,99,99,99,99,99,99,12,99,99,99,99,99,99,99,14,99,13,99,99,99,99,99,99,99,99,99,99,12,99,99,99,99,99,99,99,99,99,99,99,14,99,11,99,99,22,99,99,24,99,99,99,99,99,
99,99,99,99,99,99,99,99,99,99,99,99,99,99,99,99,99,99,21,99,13,99,99,21,23,23,99,99,99,99,99,11,99,99,99,99,99,99,99,99,99,24,99,99,99,99,99,99,99,99,99,99,99,12,99,99,99,99,99,99,99,14,99,13,99,99,99,99,99,99,99,99,22,99,12,99,99,99,99,99,99,99,99,99,99,99,14,99,11,99,99,22,99,99,24,99,99,99,99,99,
99,99,99,99,99,99,99,99,99,99,99,99,99,99,99,99,99,99,21,99,13,99,99,21,23,23,99,99,99,99,12,11,99,99,99,99,99,99,99,99,99,24,99,99,99,99,99,99,99,99,99,99,99,12,99,99,99,99,99,99,99,14,99,13,99,99,99,99,99,99,99,99,22,99,99,99,99,99,99,99,99,99,99,99,99,99,14,99,11,99,99,22,99,99,24,99,99,99,99,99,
99,99,99,99,99,99,99,99,99,99,99,99,99,99,99,99,99,99,21,99,13,99,99,21,23,23,99,99,99,99,12,11,99,99,99,99,99,99,99,99,99,24,99,99,99,99,99,99,99,99,99,99,99,12,99,99,99,99,99,99,99,14,99,13,99,99,99,99,99,99,99,99,99,99,99,99,99,99,99,99,99,99,99,22,99,99,14,99,11,99,99,22,99,99,24,99,99,99,99,99,
99,99,99,99,99,99,99,99,99,99,99,99,99,99,99,99,99,99,21,99,13,99,99,21,23,23,99,99,99,99,12,11,99,99,99,99,99,99,99,99,99,24,99,99,99,99,99,99,99,99,99,99,99,12,99,99,99,99,99,99,99,14,99,13,99,99,99,99,99,99,99,99,99,99,99,99,99,14,99,99,99,99,99,22,99,99,99,99,11,99,99,22,99,99,24,99,99,99,99,99,
99,99,99,99,99,99,99,99,99,99,99,99,99,99,99,99,99,99,21,99,13,99,99,21,23,23,99,99,99,99,12,11,99,99,99,99,99,99,99,99,99,24,99,99,99,99,99,99,99,99,99,99,99,12,99,99,99,99,99,99,99,14,99,13,99,99,99,99,99,99,99,99,99,99,99,99,99,14,99,99,99,99,99,22,99,99,99,99,11,99,99,22,99,99,99,24,99,99,99,99,
99,99,99,99,99,99,99,99,99,99,99,99,99,99,99,99,99,99,21,99,13,99,99,21,23,23,99,99,99,99,12,11,99,99,99,99,99,99,99,99,99,24,99,99,99,99,99,99,99,99,99,99,99,12,99,99,99,99,99,99,99,14,99,13,99,99,99,14,99,99,99,99,99,99,99,99,99,99,99,99,99,99,99,22,99,99,99,99,11,99,99,22,99,99,99,24,99,99,99,99,
99,99,99,99,99,99,99,99,99,99,99,99,99,99,23,99,99,99,21,99,13,99,99,21,23,99,99,99,99,99,12,11,99,99,99,99,99,99,99,99,99,24,99,99,99,99,99,99,99,99,99,99,99,12,99,99,99,99,99,99,99,14,99,13,99,99,99,14,99,99,99,99,99,99,99,99,99,99,99,99,99,99,99,22,99,99,99,99,11,99,99,22,99,99,99,24,99,99,99,99,
99,99,99,99,99,99,99,99,99,99,99,99,99,99,23,99,99,99,21,99,13,99,99,21,23,99,99,99,99,99,12,11,99,99,99,99,99,99,99,99,99,24,99,99,99,99,99,99,99,99,99,99,99,12,99,99,99,99,99,99,99,14,99,13,99,99,99,14,99,99,99,99,99,99,99,99,99,99,11,99,99,99,99,22,99,99,99,99,99,99,99,22,99,99,99,24,99,99,99,99,
99,99,99,99,99,99,99,99,99,99,99,99,99,99,99,99,99,99,21,99,13,99,99,21,23,99,99,99,99,99,12,11,99,99,99,99,99,99,99,99,99,24,99,99,99,99,99,99,99,99,99,99,99,12,99,99,99,99,99,99,99,14,99,13,99,99,99,14,99,99,99,99,99,99,99,99,99,99,11,99,99,99,99,22,99,99,99,99,99,99,99,22,99,99,23,24,99,99,99,99,
99,99,99,99,99,99,99,99,99,99,99,99,99,99,99,99,99,99,21,99,13,99,99,21,23,99,99,99,99,99,12,11,99,99,99,99,99,99,99,99,99,24,99,99,99,99,99,99,99,99,99,99,99,12,99,99,99,99,99,99,99,14,99,13,99,99,99,99,14,99,99,99,99,99,99,99,99,99,11,99,99,99,99,22,99,99,99,99,99,99,99,22,99,99,23,24,99,99,99,99,
99,99,99,99,99,99,99,99,99,99,99,99,99,99,99,99,99,99,21,99,13,99,99,21,23,99,99,99,99,99,12,11,99,99,99,99,99,99,99,99,99,99,99,99,99,99,99,99,99,99,99,99,24,12,99,99,99,99,99,99,99,14,99,13,99,99,99,99,14,99,99,99,99,99,99,99,99,99,11,99,99,99,99,22,99,99,99,99,99,99,99,22,99,99,23,24,99,99,99,99,
99,99,99,99,99,99,99,99,99,99,99,99,99,99,99,99,99,99,21,99,13,99,99,21,23,99,99,99,99,99,12,11,99,99,99,99,99,99,99,99,99,13,99,99,99,99,99,99,99,99,99,99,24,12,99,99,99,99,99,99,99,14,99,99,99,99,99,99,14,99,99,99,99,99,99,99,99,99,11,99,99,99,99,22,99,99,99,99,99,99,99,22,99,99,23,24,99,99,99,99,
99,99,99,99,99,99,99,99,99,99,99,99,99,99,99,99,99,99,21,99,13,99,99,21,99,99,99,99,99,99,12,11,99,23,99,99,99,99,99,99,99,13,99,99,99,99,99,99,99,99,99,99,24,12,99,99,99,99,99,99,99,14,99,99,99,99,99,99,14,99,99,99,99,99,99,99,99,99,11,99,99,99,99,22,99,99,99,99,99,99,99,22,99,99,23,24,99,99,99,99,
99,99,99,99,99,99,99,99,99,99,99,99,99,99,99,99,99,99,21,99,13,99,99,21,99,99,99,99,99,99,12,11,99,23,99,99,99,99,99,99,99,13,99,14,99,99,99,99,99,99,99,99,24,12,99,99,99,99,99,99,99,99,99,99,99,99,99,99,14,99,99,99,99,99,99,99,99,99,11,99,99,99,99,22,99,99,99,99,99,99,99,22,99,99,23,24,99,99,99,99,
99,99,99,99,99,99,99,99,99,99,99,99,99,99,99,99,99,99,21,99,13,99,99,21,99,99,99,99,99,99,12,11,99,23,99,99,99,99,99,99,99,13,99,14,99,99,99,99,99,99,99,99,99,12,99,99,99,99,99,99,99,99,99,24,99,99,99,99,14,99,99,99,99,99,99,99,99,99,11,99,99,99,99,22,99,99,99,99,99,99,99,22,99,99,23,24,99,99,99,99,
99,99,99,99,99,99,99,99,99,99,99,99,99,99,99,99,99,99,21,99,13,11,99,21,99,99,99,99,99,99,12,99,99,23,99,99,99,99,99,99,99,13,99,14,99,99,99,99,99,99,99,99,99,12,99,99,99,99,99,99,99,99,99,24,99,99,99,99,14,99,99,99,99,99,99,99,99,99,11,99,99,99,99,22,99,99,99,99,99,99,99,22,99,99,23,24,99,99,99,99,
99,99,99,99,99,99,99,99,99,99,99,99,99,99,99,99,99,99,21,99,13,11,99,21,99,99,99,99,99,99,12,99,99,23,99,99,99,99,99,99,99,13,99,14,99,99,99,99,99,99,99,99,99,12,99,99,99,99,99,99,99,99,99,99,99,99,99,99,14,99,99,99,99,24,99,99,99,99,11,99,99,99,99,22,99,99,99,99,99,99,99,22,99,99,23,24,99,99,99,99,
99,99,99,99,99,99,99,99,99,99,99,99,12,99,99,99,99,99,21,99,13,11,99,21,99,99,99,99,99,99,99,99,99,23,99,99,99,99,99,99,99,13,99,14,99,99,99,99,99,99,99,99,99,12,99,99,99,99,99,99,99,99,99,99,99,99,99,99,14,99,99,99,99,24,99,99,99,99,11,99,99,99,99,22,99,99,99,99,99,99,99,22,99,99,23,24,99,99,99,99,
99,99,99,99,99,99,99,99,99,99,99,99,12,99,99,99,99,99,21,99,13,11,99,21,99,99,99,99,99,99,99,99,99,23,99,99,99,99,99,99,99,13,99,14,99,99,99,99,99,99,99,99,99,12,99,99,99,99,99,99,99,99,99,99,99,99,99,99,14,99,99,99,99,99,99,99,99,99,11,99,99,99,99,22,99,99,99,99,99,99,99,22,99,24,23,24,99,99,99,99,
99,99,99,99,99,99,99,99,99,99,99,11,12,99,99,99,99,99,21,99,13,99,99,21,99,99,99,99,99,99,99,99,99,23,99,99,99,99,99,99,99,13,99,14,99,99,99,99,99,99,99,99,99,12,99,99,99,99,99,99,99,99,99,99,99,99,99,99,14,99,99,99,99,99,99,99,99,99,11,99,99,99,99,22,99,99,99,99,99,99,99,22,99,24,23,24,99,99,99,99,
99,99,99,99,99,99,99,99,99,99,99,11,12,99,99,99,99,99,21,99,13,99,99,21,99,99,99,99,99,99,99,99,99,23,99,99,99,99,99,99,99,13,99,14,99,99,99,99,99,99,99,99,99,12,99,99,99,99,99,99,99,99,99,99,99,99,99,99,14,99,99,99,99,99,99,99,99,99,11,99,99,99,99,99,99,99,99,99,99,99,99,22,22,24,23,24,99,99,99,99,
99,99,13,99,99,99,99,99,99,99,99,11,12,99,99,99,99,99,21,99,99,99,99,21,99,99,99,99,99,99,99,99,99,23,99,99,99,99,99,99,99,13,99,14,99,99,99,99,99,99,99,99,99,12,99,99,99,99,99,99,99,99,99,99,99,99,99,99,14,99,99,99,99,99,99,99,99,99,11,99,99,99,99,99,99,99,99,99,99,99,99,22,22,24,23,24,99,99,99,99,
99,99,13,99,99,99,99,99,99,99,99,11,12,99,99,99,99,99,21,99,99,99,99,21,99,99,99,99,99,99,99,99,99,99,99,99,99,99,99,99,99,13,23,14,99,99,99,99,99,99,99,99,99,12,99,99,99,99,99,99,99,99,99,99,99,99,99,99,14,99,99,99,99,99,99,99,99,99,11,99,99,99,99,99,99,99,99,99,99,99,99,22,22,24,23,24,99,99,99,99,
99,99,13,99,99,99,99,99,99,99,99,11,12,99,99,99,99,99,21,99,99,99,99,21,99,99,99,99,99,99,99,12,99,99,99,99,99,99,99,99,99,13,23,14,99,99,99,99,99,99,99,99,99,99,99,99,99,99,99,99,99,99,99,99,99,99,99,99,14,99,99,99,99,99,99,99,99,99,11,99,99,99,99,99,99,99,99,99,99,99,99,22,22,24,23,24,99,99,99,99,
99,99,13,99,99,99,99,99,99,99,99,11,12,99,99,99,99,99,21,99,99,99,99,99,99,99,99,99,99,99,99,12,99,21,99,99,99,99,99,99,99,13,23,14,99,99,99,99,99,99,99,99,99,99,99,99,99,99,99,99,99,99,99,99,99,99,99,99,14,99,99,99,99,99,99,99,99,99,11,99,99,99,99,99,99,99,99,99,99,99,99,22,22,24,23,24,99,99,99,99,
99,99,13,99,99,99,99,99,99,99,99,11,12,99,99,99,99,99,21,99,99,99,99,14,99,99,99,99,99,99,99,12,99,21,99,99,99,99,99,99,99,13,23,99,99,99,99,99,99,99,99,99,99,99,99,99,99,99,99,99,99,99,99,99,99,99,99,99,14,99,99,99,99,99,99,99,99,99,11,99,99,99,99,99,99,99,99,99,99,99,99,22,22,24,23,24,99,99,99,99,
99,99,13,99,99,99,99,99,99,99,99,11,12,99,99,99,99,99,21,99,99,99,99,14,99,99,99,99,99,99,99,12,99,99,99,99,99,99,99,99,99,13,23,21,99,99,99,99,99,99,99,99,99,99,99,99,99,99,99,99,99,99,99,99,99,99,99,99,14,99,99,99,99,99,99,99,99,99,11,99,99,99,99,99,99,99,99,99,99,99,99,22,22,24,23,24,99,99,99,99,
99,99,13,12,99,99,99,99,99,99,99,11,99,99,99,99,99,99,21,99,99,99,99,14,99,99,99,99,99,99,99,12,99,99,99,99,99,99,99,99,99,13,23,21,99,99,99,99,99,99,99,99,99,99,99,99,99,99,99,99,99,99,99,99,99,99,99,99,14,99,99,99,99,99,99,99,99,99,11,99,99,99,99,99,99,99,99,99,99,99,99,22,22,24,23,24,99,99,99,99,
99,99,13,12,99,99,99,99,99,99,99,11,99,99,99,99,99,99,21,99,99,99,99,14,99,99,99,99,99,99,99,12,99,99,99,99,99,99,99,99,99,13,23,99,99,99,99,99,99,99,99,99,99,21,99,99,99,99,99,99,99,99,99,99,99,99,99,99,14,99,99,99,99,99,99,99,99,99,11,99,99,99,99,99,99,99,99,99,99,99,99,22,22,24,23,24,99,99,99,99,
99,99,13,12,99,99,99,99,99,99,99,11,99,99,99,99,99,99,21,99,99,99,99,14,99,99,99,99,99,99,99,12,99,99,99,99,99,99,99,99,99,13,23,99,99,99,99,99,99,99,99,99,99,21,99,99,99,99,11,99,99,99,99,99,99,99,99,99,14,99,99,99,99,99,99,99,99,99,99,99,99,99,99,99,99,99,99,99,99,99,99,22,22,24,23,24,99,99,99,99,
99,99,13,12,99,99,99,99,99,99,99,11,99,99,99,99,99,99,21,99,99,99,99,14,99,99,99,99,99,99,99,12,99,99,99,99,99,99,99,99,99,13,99,99,99,99,99,99,99,99,99,99,99,21,99,99,99,99,11,99,99,99,99,99,23,99,99,99,14,99,99,99,99,99,99,99,99,99,99,99,99,99,99,99,99,99,99,99,99,99,99,22,22,24,23,24,99,99,99,99,
99,99,13,12,99,99,99,99,99,99,99,11,99,99,99,99,99,99,21,99,99,99,99,14,99,99,99,99,99,99,99,12,99,99,99,99,99,99,99,99,99,13,99,99,99,99,99,99,14,99,99,99,99,21,99,99,99,99,11,99,99,99,99,99,23,99,99,99,99,99,99,99,99,99,99,99,99,99,99,99,99,99,99,99,99,99,99,99,99,99,99,22,22,24,23,24,99,99,99,99,
99,99,13,12,99,99,99,99,99,99,99,11,99,99,99,99,99,99,21,99,99,99,99,14,99,99,99,99,99,99,99,12,99,99,99,99,99,99,99,99,99,13,99,99,99,99,99,99,14,99,99,99,99,21,99,99,99,99,11,99,99,99,99,99,99,99,99,99,99,99,99,99,99,99,99,23,99,99,99,99,99,99,99,99,99,99,99,99,99,99,99,22,22,24,23,24,99,99,99,99,
99,99,13,12,99,99,99,99,99,99,99,11,99,99,99,99,99,99,21,99,99,99,99,14,99,99,99,99,99,99,99,12,99,99,99,99,99,99,11,99,99,13,99,99,99,99,99,99,14,99,99,99,99,21,99,99,99,99,99,99,99,99,99,99,99,99,99,99,99,99,99,99,99,99,99,23,99,99,99,99,99,99,99,99,99,99,99,99,99,99,99,22,22,24,23,24,99,99,99,99,
99,99,13,12,99,99,99,99,99,99,99,11,99,99,99,99,99,99,99,99,99,99,99,14,99,99,99,99,21,99,99,12,99,99,99,99,99,99,11,99,99,13,99,99,99,99,99,99,14,99,99,99,99,21,99,99,99,99,99,99,99,99,99,99,99,99,99,99,99,99,99,99,99,99,99,23,99,99,99,99,99,99,99,99,99,99,99,99,99,99,99,22,22,24,23,24,99,99,99,99,
99,99,13,12,99,99,99,99,99,99,99,11,99,99,99,99,99,99,11,99,99,99,99,14,99,99,99,99,21,99,99,12,99,99,99,99,99,99,99,99,99,13,99,99,99,99,99,99,14,99,99,99,99,21,99,99,99,99,99,99,99,99,99,99,99,99,99,99,99,99,99,99,99,99,99,23,99,99,99,99,99,99,99,99,99,99,99,99,99,99,99,22,22,24,23,24,99,99,99,99,
99,99,13,12,99,99,99,99,99,99,99,11,99,99,99,99,99,99,11,99,99,99,99,14,99,99,99,99,21,99,99,12,99,99,99,99,99,99,99,99,99,13,99,99,99,99,99,99,14,99,99,99,99,21,99,99,99,99,99,99,99,99,99,99,99,99,99,99,99,99,99,99,99,99,99,99,99,99,99,99,99,99,99,99,99,99,23,99,99,99,99,22,22,24,23,24,99,99,99,99,
99,99,13,12,99,99,99,99,99,99,99,11,99,99,99,99,99,99,11,99,99,99,12,14,99,99,99,99,21,99,99,99,99,99,99,99,99,99,99,99,99,13,99,99,99,99,99,99,14,99,99,99,99,21,99,99,99,99,99,99,99,99,99,99,99,99,99,99,99,99,99,99,99,99,99,99,99,99,99,99,99,99,99,99,99,99,23,99,99,99,99,22,22,24,23,24,99,99,99,99,
99,99,13,12,99,99,99,99,21,99,99,11,99,99,99,99,99,99,11,99,99,99,12,14,99,99,99,99,99,99,99,99,99,99,99,99,99,99,99,99,99,13,99,99,99,99,99,99,14,99,99,99,99,21,99,99,99,99,99,99,99,99,99,99,99,99,99,99,99,99,99,99,99,99,99,99,99,99,99,99,99,99,99,99,99,99,23,99,99,99,99,22,22,24,23,24,99,99,99,99,
