0
1
2
108
99,21,22,23,24,24,23,22,21,99,99,99,99,99,99,99,99,99,99,99,99,99,99,99,99,99,99,99,99,99,99,99,99,99,99,99,99,99,99,99,99,99,99,99,99,99,99,99,99,99,99,99,99,99,99,99,99,99,99,99,99,99,99,99,99,99,99,99,99,99,99,99,99,99,99,99,99,99,99,99,99,99,99,99,99,99,99,99,99,99,99,11,12,13,14,14,13,12,11,99,
99,21,22,23,24,24,23,22,21,99,99,99,99,99,99,99,99,99,99,99,99,99,99,99,99,99,99,99,99,99,99,99,99,99,99,99,99,99,99,99,99,99,99,99,99,99,99,99,99,99,99,99,99,99,99,99,99,99,99,99,99,99,99,99,99,99,99,99,99,99,99,99,99,99,99,99,99,99,99,99,99,99,99,99,99,14,99,99,99,99,99,11,12,13,14,99,13,12,11,99,
99,21,22,23,24,24,23,99,21,99,99,99,99,99,99,99,22,99,99,99,99,99,99,99,99,99,99,99,99,99,99,99,99,99,99,99,99,99,99,99,99,99,99,99,99,99,99,99,99,99,99,99,99,99,99,99,99,99,99,99,99,99,99,99,99,99,99,99,99,99,99,99,99,99,99,99,99,99,99,99,99,99,99,99,99,14,99,99,99,99,99,11,12,13,14,99,13,12,11,99,
99,21,22,23,24,24,23,99,21,99,99,99,99,99,99,99,22,99,99,99,99,99,99,99,99,99,99,99,99,99,99,99,99,99,99,99,99,99,99,99,99,99,99,99,99,99,99,99,99,99,99,99,99,99,99,99,99,99,99,99,99,99,99,99,99,99,99,99,99,99,99,99,99,99,99,14,99,99,99,99,99,99,99,99,99,99,99,99,99,99,99,11,12,13,14,99,13,12,11,99,
99,21,22,23,24,99,23,99,21,99,99,99,99,99,99,99,22,99,99,99,99,99,99,99,99,99,99,24,99,99,99,99,99,99,99,99,99,99,99,99,99,99,99,99,99,99,99,99,99,99,99,99,99,99,99,99,99,99,99,99,99,99,99,99,99,99,99,99,99,99,99,99,99,99,99,14,99,99,99,99,99,99,99,99,99,99,99,99,99,99,99,11,12,13,14,99,13,12,11,99,
99,21,22,23,24,99,23,99,21,99,99,99,99,99,99,99,22,99,99,99,99,99,99,99,99,99,99,24,99,99,99,99,99,99,99,99,99,99,99,99,99,99,99,99,99,99,99,99,99,99,99,99,99,99,99,99,99,99,99,99,99,99,99,99,99,99,99,99,99,99,99,99,99,99,99,14,99,99,99,99,99,99,99,99,14,99,99,99,99,99,99,11,12,13,99,99,13,12,11,99,
99,21,99,23,24,99,23,99,21,99,99,99,99,22,99,99,22,99,99,99,99,99,99,99,99,99,99,24,99,99,99,99,99,99,99,99,99,99,99,99,99,99,99,99,99,99,99,99,99,99,99,99,99,99,99,99,99,99,99,99,99,99,99,99,99,99,99,99,99,99,99,99,99,99,99,14,99,99,99,99,99,99,99,99,14,99,99,99,99,99,99,11,12,13,99,99,13,12,11,99,
99,21,99,23,24,99,23,99,21,99,99,99,99,22,99,99,22,99,99,99,99,99,99,99,99,99,99,24,99,99,99,99,99,99,99,99,99,99,99,99,99,99,99,99,99,99,99,99,99,99,99,99,99,99,99,99,99,99,99,99,99,99,99,99,99,99,99,99,99,99,99,99,99,99,99,14,99,99,99,99,99,99,13,99,14,99,99,99,99,99,99,11,12,99,99,99,13,12,11,99,
99,21,99,23,99,99,23,99,21,99,99,99,99,22,99,99,22,99,99,99,99,99,24,99,99,99,99,24,99,99,99,99,99,99,99,99,99,99,99,99,99,99,99,99,99,99,99,99,99,99,99,99,99,99,99,99,99,99,99,99,99,99,99,99,99,99,99,99,99,99,99,99,99,99,99,14,99,99,99,99,99,99,13,99,14,99,99,99,99,99,99,11,12,99,99,99,13,12,11,99,
99,21,99,23,99,99,23,99,21,99,99,99,99,22,99,99,22,99,99,99,99,99,24,99,99,99,99,24,99,99,99,99,99,99,99,99,99,99,99,99,99,99,99,99,99,99,99,99,99,99,99,99,99,99,99,99,99,99,99,99,99,99,99,99,99,99,99,99,99,99,99,99,99,99,99,14,99,99,99,99,99,11,13,99,14,99,99,99,99,99,99,99,12,99,99,99,13,12,11,99,
99,21,99,23,99,99,99,99,21,99,99,99,99,22,99,23,22,99,99,99,99,99,24,99,99,99,99,24,99,99,99,99,99,99,99,99,99,99,99,99,99,99,99,99,99,99,99,99,99,99,99,99,99,99,99,99,99,99,99,99,99,99,99,99,99,99,99,99,99,99,99,99,99,99,99,14,99,99,99,99,99,11,13,99,14,99,99,99,99,99,99,99,12,99,99,99,13,12,11,99,
99,21,99,23,99,99,99,99,21,99,99,99,99,22,99,23,22,99,99,99,99,99,24,99,99,99,99,24,99,99,99,99,99,99,99,99,99,99,99,99,99,99,99,99,99,99,99,99,99,99,99,99,99,99,99,99,99,99,99,99,99,99,99,99,99,99,99,99,99,99,99,99,99,99,99,14,99,99,99,99,99,11,13,12,14,99,99,99,99,99,99,99,99,99,99,99,13,12,11,99,
99,21,99,99,99,99,99,99,21,99,99,99,99,22,23,23,22,99,99,99,99,99,24,99,99,99,99,24,99,99,99,99,99,99,99,99,99,99,99,99,99,99,99,99,99,99,99,99,99,99,99,99,99,99,99,99,99,99,99,99,99,99,99,99,99,99,99,99,99,99,99,99,99,99,99,14,99,99,99,99,99,11,13,12,14,99,99,99,99,99,99,99,99,99,99,99,13,12,11,99,
99,21,99,99,99,99,99,99,21,99,99,99,99,22,23,23,22,99,99,99,99,99,24,99,99,99,99,24,99,99,99,99,99,99,99,99,99,99,99,99,99,99,99,99,99,99,99,99,99,99,99,99,99,99,99,99,99,99,99,99,99,99,99,99,99,99,99,99,99,99,99,99,12,99,99,14,99,99,99,99,99,11,13,99,14,99,99,99,99,99,99,99,99,99,99,99,13,12,11,99,
99,21,99,99,99,99,99,99,99,99,99,99,99,22,23,23,22,99,21,99,99,99,24,99,99,99,99,24,99,99,99,99,99,99,99,99,99,99,99,99,99,99,99,99,99,99,99,99,99,99,99,99,99,99,99,99,99,99,99,99,99,99,99,99,99,99,99,99,99,99,99,99,12,99,99,14,99,99,99,99,99,11,13,99,14,99,99,99,99,99,99,99,99,99,99,99,13,12,11,99,
99,21,99,99,99,99,99,99,99,99,99,99,99,22,23,23,22,99,21,99,99,99,24,99,99,99,99,24,99,99,99,99,99,99,99,99,99,99,99,99,99,99,99,99,99,99,99,99,99,99,99,99,99,99,99,99,99,99,99,99,99,99,99,12,99,99,99,99,99,99,99,99,99,99,99,14,99,99,99,99,99,11,13,99,14,99,99,99,99,99,99,99,99,99,99,99,13,12,11,99,
99,99,99,99,99,99,99,99,99,99,99,21,99,22,23,23,22,99,21,99,99,99,24,99,99,99,99,24,99,99,99,99,99,99,99,99,99,99,99,99,99,99,99,99,99,99,99,99,99,99,99,99,99,99,99,99,99,99,99,99,99,99,99,12,99,99,99,99,99,99,99,99,99,99,99,14,99,99,99,99,99,11,13,99,14,99,99,99,99,99,99,99,99,99,99,99,13,12,11,99,
99,99,99,99,99,99,99,99,99,99,99,21,99,22,23,23,22,99,21,99,99,99,24,99,99,99,99,24,99,99,99,99,99,99,99,99,99,99,99,99,99,99,99,99,99,99,99,99,99,99,99,99,99,99,99,99,99,99,99,99,99,99,99,12,99,99,99,99,99,99,99,13,99,99,99,14,99,99,99,99,99,11,99,99,14,99,99,99,99,99,99,99,99,99,99,99,13,12,11,99,
99,99,99,99,99,99,99,99,99,99,99,21,99,22,23,23,99,99,21,99,99,99,24,99,99,99,99,24,99,99,99,99,99,99,99,99,99,99,22,99,99,99,99,99,99,99,99,99,99,99,99,99,99,99,99,99,99,99,99,99,99,99,99,12,99,99,99,99,99,99,99,13,99,99,99,14,99,99,99,99,99,11,99,99,14,99,99,99,99,99,99,99,99,99,99,99,13,12,11,99,
99,99,99,99,99,99,99,99,99,99,99,21,99,22,23,23,99,99,21,99,99,99,24,99,99,99,99,24,99,99,99,99,99,99,99,99,99,99,22,99,99,99,99,99,99,99,99,99,99,99,99,99,99,99,99,99,99,99,99,99,99,11,99,12,99,99,99,99,99,99,99,13,99,99,99,14,99,99,99,99,99,99,99,99,14,99,99,99,99,99,99,99,99,99,99,99,13,12,11,99,
99,99,99,99,99,99,99,99,99,99,99,21,99,99,23,23,99,99,21,99,99,99,24,99,99,99,99,24,99,99,99,22,99,99,99,99,99,99,22,99,99,99,99,99,99,99,99,99,99,99,99,99,99,99,99,99,99,99,99,99,99,11,99,12,99,99,99,99,99,99,99,13,99,99,99,14,99,99,99,99,99,99,99,99,14,99,99,99,99,99,99,99,99,99,99,99,13,12,11,99,
99,99,99,99,99,99,99,99,99,99,99,21,99,99,23,23,99,99,21,99,99,99,24,99,99,99,99,24,99,99,99,22,99,99,99,99,99,99,22,99,99,99,99,99,99,99,99,99,99,99,99,99,99,99,99,99,99,99,99,99,99,11,99,12,99,99,14,99,99,99,99,13,99,99,99,14,99,99,99,99,99,99,99,99,99,99,99,99,99,99,99,99,99,99,99,99,13,12,11,99,
99,99,99,99,99,99,99,99,99,99,99,21,99,99,23,23,99,99,21,99,99,99,24,99,99,99,99,24,99,99,99,22,99,99,99,99,99,99,99,99,99,99,99,99,99,99,99,22,99,99,99,99,99,99,99,99,99,99,99,99,99,11,99,12,99,99,14,99,99,99,99,13,99,99,99,14,99,99,99,99,99,99,99,99,99,99,99,99,99,99,99,99,99,99,99,99,13,12,11,99,
99,99,99,99,99,99,99,99,99,99,99,21,99,99,23,23,99,99,21,14,99,99,24,99,99,99,99,24,99,99,99,22,99,99,99,99,99,99,99,99,99,99,99,99,99,99,99,22,99,99,99,99,99,99,99,99,99,99,99,99,99,11,99,12,99,99,14,99,99,99,99,13,99,99,99,99,99,99,99,99,99,99,99,99,99,99,99,99,99,99,99,99,99,99,99,99,13,12,11,99,
99,99,99,99,99,99,99,99,99,99,99,21,99,99,23,23,99,99,21,14,99,99,24,99,99,99,99,24,99,99,99,99,99,99,99,99,99,99,99,99,99,99,22,99,99,99,99,22,99,99,99,99,99,99,99,99,99,99,99,99,99,11,99,12,99,99,14,99,99,99,99,13,99,99,99,99,99,99,99,99,99,99,99,99,99,99,99,99,99,99,99,99,99,99,99,99,13,12,11,99,
99,99,99,99,99,99,99,99,99,99,99,21,99,99,23,23,99,14,21,99,99,99,24,99,99,99,99,24,99,99,99,99,99,99,99,99,99,99,99,99,99,99,22,99,99,99,99,22,99,99,99,99,99,99,99,99,99,99,99,99,99,11,99,12,99,99,14,99,99,99,99,13,99,99,99,99,99,99,99,99,99,99,99,99,99,99,99,99,99,99,99,99,99,99,99,99,13,12,11,99,
99,99,99,99,99,99,99,99,99,99,99,21,99,99,23,23,99,14,21,99,99,99,24,99,99,99,99,24,99,99,99,99,99,99,99,99,99,99,99,99,99,99,22,99,99,99,99,99,99,99,99,99,99,99,99,99,22,99,99,99,99,11,99,12,99,99,14,99,99,99,99,13,99,99,99,99,99,99,99,99,99,99,99,99,99,99,99,99,99,99,99,99,99,99,99,99,13,12,11,99,
99,99,99,99,99,99,99,99,99,99,99,21,99,99,23,23,99,14,21,99,99,99,24,99,99,99,99,24,99,99,99,99,99,99,99,99,99,99,99,99,99,99,22,99,99,99,14,99,99,99,99,99,99,99,99,99,22,99,99,99,99,11,99,12,99,99,99,99,99,99,99,13,99,99,99,99,99,99,99,99,99,99,99,99,99,99,99,99,99,99,99,99,99,99,99,99,13,12,11,99,
99,99,99,99,99,99,99,99,99,99,99,21,99,99,23,23,99,14,21,99,99,99,24,99,99,99,99,24,99,99,99,99,99,99,99,99,99,99,99,99,99,99,99,99,99,99,14,99,99,99,99,99,99,22,99,99,22,99,99,99,99,11,99,12,99,99,99,99,99,99,99,13,99,99,99,99,99,99,99,99,99,99,99,99,99,99,99,99,99,99,99,99,99,99,99,99,13,12,11,99,
99,99,99,99,99,99,99,99,99,99,99,21,99,99,23,23,99,14,21,99,99,99,24,99,99,99,99,24,99,99,99,99,99,99,99,99,99,99,99,99,99,99,99,99,99,99,14,99,99,99,99,99,99,22,12,99,22,99,99,99,99,11,99,99,99,99,99,99,99,99,99,13,99,99,99,99,99,99,99,99,99,99,99,99,99,99,99,99,99,99,99,99,99,99,99,99,13,12,11,99,
99,99,99,99,99,99,99,99,99,99,99,21,99,99,23,23,99,14,21,99,99,99,24,99,99,99,99,99,99,99,99,99,99,99,99,99,24,99,99,99,99,99,99,99,99,99,14,99,99,99,99,99,99,22,12,99,22,99,99,99,99,11,99,99,99,99,99,99,99,99,99,13,99,99,99,99,99,99,99,99,99,99,99,99,99,99,99,99,99,99,99,99,99,99,99,99,13,12,11,99,
99,99,99,99,14,99,99,99,99,99,99,21,99,99,23,23,99,14,21,99,99,99,24,99,99,99,99,99,99,99,99,99,99,99,99,99,24,99,99,99,99,99,99,99,99,99,99,99,99,99,99,99,99,22,12,99,22,99,99,99,99,11,99,99,99,99,99,99,99,99,99,13,99,99,99,99,99,99,99,99,99,99,99,99,99,99,99,99,99,99,99,99,99,99,99,99,13,12,11,99,
99,99,99,99,14,99,99,99,99,99,99,21,99,99,23,23,99,14,21,99,99,99,99,99,99,99,99,99,99,99,99,99,99,24,99,99,24,99,99,99,99,99,99,99,99,99,99,99,99,99,99,99,99,22,12,99,22,99,99,99,99,11,99,99,99,99,99,99,99,99,99,13,99,99,99,99,99,99,99,99,99,99,99,99,99,99,99,99,99,99,99,99,99,99,99,99,13,12,11,99,
99,99,99,99,14,99,99,99,99,99,99,21,99,99,23,23,99,14,21,99,99,99,99,99,99,99,99,99,99,99,99,99,99,24,99,99,24,99,99,99,99,99,99,99,99,99,99,99,99,99,99,11,99,22,12,99,22,99,99,99,99,99,99,99,99,99,99,99,99,99,99,13,99,99,99,99,99,99,99,99,99,99,99,99,99,99,99,99,99,99,99,99,99,99,99,99,13,12,11,99,
99,99,99,99,14,99,99,99,99,99,99,21,99,99,23,23,99,14,21,99,99,99,99,99,99,99,99,99,99,99,99,99,99,24,99,99,24,99,99,99,99,99,99,99,99,99,99,99,99,99,99,11,99,22,12,99,99,99,99,99,99,99,99,99,99,22,99,99,99,99,99,13,99,99,99,99,99,99,99,99,99,99,99,99,99,99,99,99,99,99,99,99,99,99,99,99,13,12,11,99,
99,99,99,99,14,99,99,99,99,99,99,21,99,99,23,23,99,14,21,99,99,99,99,99,99,99,99,99,99,99,99,99,99,24,99,99,24,99,99,99,99,99,99,99,99,99,99,99,99,99,99,11,99,22,12,99,99,99,99,99,99,99,99,99,99,22,99,99,99,99,99,13,99,99,99,99,99,99,99,99,99,99,99,99,99,13,99,99,99,99,99,99,99,99,99,99,99,12,11,99,
99,99,99,99,14,99,99,99,99,99,99,21,99,99,23,23,99,14,21,99,99,99,99,99,99,99,99,99,99,99,99,99,99,24,99,99,24,99,99,99,99,99,99,99,99,99,99,99,99,99,99,11,99,99,12,99,99,99,99,99,99,99,99,99,22,22,99,99,99,99,99,13,99,99,99,99,99,99,99,99,99,99,99,99,99,13,99,99,99,99,99,99,99,99,99,99,99,12,11,99,
99,99,99,99,14,99,99,99,99,99,99,21,99,99,23,23,99,14,21,99,99,99,99,99,99,99,99,99,99,99,99,99,99,24,99,99,24,99,99,99,99,11,99,99,99,99,99,99,99,99,99,99,99,99,12,99,99,99,99,99,99,99,99,99,22,22,99,99,99,99,99,13,99,99,99,99,99,99,99,99,99,99,99,99,99,13,99,99,99,99,99,99,99,99,99,99,99,12,11,99,
99,99,99,99,14,99,99,99,99,99,99,21,99,99,23,23,99,14,21,99,99,99,99,99,99,99,99,99,99,99,99,99,99,24,99,99,99,99,99,99,99,11,99,99,99,24,99,99,99,99,99,99,99,99,12,99,99,99,99,99,99,99,99,99,22,22,99,99,99,99,99,13,99,99,99,99,99,99,99,99,99,99,99,99,99,13,99,99,99,99,99,99,99,99,99,99,99,12,11,99,
99,99,99,99,14,99,99,99,99,99,99,21,99,99,23,23,99,14,21,99,99,99,99,99,99,99,99,99,99,99,99,99,99,24,99,99,12,99,99,99,99,11,99,99,99,24,99,99,99,99,99,99,99,99,99,99,99,99,99,99,99,99,99,99,22,22,99,99,99,99,99,13,99,99,99,99,99,99,99,99,99,99,99,99,99,13,99,99,99,99,99,99,99,99,99,99,99,12,11,99,
99,99,99,99,14,99,99,99,99,99,99,21,99,99,23,23,99,14,21,99,99,99,99,99,99,99,99,99,99,99,99,99,99,99,99,99,12,99,99,99,99,11,99,99,24,24,99,99,99,99,99,99,99,99,99,99,99,99,99,99,99,99,99,99,22,22,99,99,99,99,99,13,99,99,99,99,99,99,99,99,99,99,99,99,99,13,99,99,99,99,99,99,99,99,99,99,99,12,11,99,
99,99,99,99,14,99,99,99,99,99,99,21,99,99,23,23,99,14,21,99,99,99,99,99,99,99,99,99,99,99,99,99,99,99,99,99,12,99,99,99,99,11,99,99,24,24,99,99,99,99,99,99,99,99,99,99,99,99,99,99,99,99,13,99,22,22,99,99,99,99,99,99,99,99,99,99,99,99,99,99,99,99,99,99,99,13,99,99,99,99,99,99,99,99,99,99,99,12,11,99,
99,99,99,99,14,99,99,99,99,99,99,21,99,99,23,23,99,14,21,99,99,99,99,99,99,99,99,99,99,99,99,99,99,99,99,99,12,99,99,99,99,11,99,99,24,24,99,99,99,99,99,99,99,99,99,99,99,99,99,99,99,99,13,99,22,99,99,99,99,99,99,99,99,99,22,99,99,99,99,99,99,99,99,99,99,13,99,99,99,99,99,99,99,99,99,99,99,12,11,99,
99,99,99,99,14,99,99,99,99,99,99,21,99,99,23,23,99,14,21,99,99,99,99,99,99,99,99,99,99,99,99,99,99,99,99,99,12,99,99,99,99,11,99,99,24,24,99,99,99,99,99,99,99,99,99,99,99,99,99,99,99,99,13,13,22,99,99,99,99,99,99,99,99,99,22,99,99,99,99,99,99,99,99,99,99,99,99,99,99,99,99,99,99,99,99,99,99,12,11,99,
99,99,99,99,14,99,99,99,99,99,99,21,99,99,23,23,99,14,21,99,99,99,99,99,99,99,99,99,99,99,99,99,99,99,99,99,12,99,99,99,99,11,99,99,24,24,99,99,99,99,99,99,99,99,99,99,99,99,99,99,99,99,13,13,22,99,99,99,99,99,99,99,99,99,99,99,99,99,99,99,99,99,99,99,99,22,99,99,99,99,99,99,99,99,99,99,99,12,11,99,
99,99,99,99,14,99,99,99,99,99,99,21,99,99,23,23,99,14,21,99,99,99,99,99,99,99,99,99,99,99,99,99,99,99,99,99,12,99,99,99,99,11,99,99,24,24,99,99,99,99,99,99,99,99,99,99,99,99,99,99,99,99,13,13,22,99,99,99,99,99,99,99,99,99,99,99,99,99,99,99,99,99,99,99,99,22,12,99,99,99,99,99,99,99,99,99,99,99,11,99,
99,99,99,99,14,99,99,99,99,99,99,21,99,99,23,23,99,14,21,99,99,99,99,99,99,99,99,99,99,99,99,99,99,99,99,99,12,99,99,99,99,11,99,99,24,24,99,99,99,99,99,99,99,99,99,99,99,99,99,99,99,99,13,13,22,99,99,99,99,99,99,99,99,99,99,99,99,99,99,99,99,99,99,99,99,99,12,99,99,99,99,99,99,99,99,99,22,99,11,99,
99,99,99,99,14,99,99,99,99,99,99,21,99,99,23,23,99,14,21,99,99,99,99,99,99,99,99,99,99,99,99,99,99,99,99,99,12,99,99,99,99,11,99,99,24,24,99,99,99,99,99,99,99,99,99,99,99,99,99,99,99,99,13,13,22,99,99,99,99,99,99,99,99,99,99,99,99,99,99,99,99,99,99,99,99,99,12,99,11,99,99,99,99,99,99,99,22,99,99,99,
99,99,99,99,14,99,99,99,99,99,99,21,99,99,23,23,99,14,21,99,99,99,99,99,99,99,99,99,99,99,99,99,99,99,99,99,12,99,99,99,99,11,99,99,24,99,99,99,99,99,99,99,99,99,24,99,99,99,99,99,99,99,13,13,22,99,99,99,99,99,99,99,99,99,99,99,99,99,99,99,99,99,99,99,99,99,12,99,11,99,99,99,99,99,99,99,22,99,99,99,
99,99,99,99,14,99,99,99,99,99,99,21,99,99,23,23,99,14,21,99,99,99,99,99,99,99,99,13,99,99,99,99,99,99,99,99,12,99,99,99,99,11,99,99,24,99,99,99,99,99,99,99,99,99,24,99,99,99,99,99,99,99,13,99,22,99,99,99,99,99,99,99,99,99,99,99,99,99,99,99,99,99,99,99,99,99,12,99,11,99,99,99,99,99,99,99,22,99,99,99,
99,99,99,99,14,99,99,99,99,99,99,21,99,99,23,23,99,14,21,99,99,99,99,99,99,99,99,13,99,99,99,99,99,99,99,99,12,99,99,99,99,11,99,99,24,99,99,99,99,99,99,99,99,99,99,99,99,99,99,99,99,99,13,99,22,99,99,99,99,99,99,99,99,99,24,99,99,99,99,99,99,99,99,99,99,99,12,99,11,99,99,99,99,99,99,99,22,99,99,99,
99,99,99,99,14,99,99,99,99,99,99,21,99,99,23,23,13,14,21,99,99,99,99,99,99,99,99,99,99,99,99,99,99,99,99,99,12,99,99,99,99,11,99,99,24,99,99,99,99,99,99,99,99,99,99,99,99,99,99,99,99,99,13,99,22,99,99,99,99,99,99,99,99,99,24,99,99,99,99,99,99,99,99,99,99,99,12,99,11,99,99,99,99,99,99,99,22,99,99,99,
99,99,99,99,14,99,99,99,99,99,99,21,99,99,23,99,13,14,21,99,99,99,99,99,23,99,99,99,99,99,99,99,99,99,99,99,12,99,99,99,99,11,99,99,24,99,99,99,99,99,99,99,99,99,99,99,99,99,99,99,99,99,13,99,22,99,99,99,99,99,99,99,99,99,24,99,99,99,99,99,99,99,99,99,99,99,12,99,11,99,99,99,99,99,99,99,22,99,99,99,
99,99,99,99,14,99,99,99,99,99,99,21,99,99,23,99,13,14,21,99,99,99,99,99,23,99,99,99,99,99,99,11,99,99,99,99,12,99,99,99,99,99,99,99,24,99,99,99,99,99,99,99,99,99,99,99,99,99,99,99,99,99,13,99,22,99,99,99,99,99,99,99,99,99,24,99,99,99,99,99,99,99,99,99,99,99,12,99,11,99,99,99,99,99,99,99,22,99,99,99,
99,99,99,99,14,99,99,99,99,99,99,21,99,99,23,99,13,14,21,99,99,99,99,99,23,99,99,99,99,99,99,11,99,99,99,99,12,99,99,99,99,99,99,99,24,99,99,99,99,99,99,99,99,99,99,99,99,99,99,99,99,99,13,99,22,99,99,99,99,99,99,99,99,99,99,99,99,99,99,99,99,99,99,99,24,99,12,99,11,99,99,99,99,99,99,99,22,99,99,99,
99,99,99,99,14,99,99,99,99,99,99,21,99,99,23,99,13,14,21,99,99,99,99,99,23,99,99,99,99,99,99,11,99,99,99,99,12,99,99,99,99,99,99,99,24,99,99,99,99,99,99,99,99,99,99,99,99,99,99,99,99,99,13,99,22,99,99,99,99,99,99,99,99,99,99,99,99,12,99,99,99,99,99,99,24,99,99,99,11,99,99,99,99,99,99,99,22,99,99,99,
99,99,99,99,14,99,99,99,99,99,99,21,99,99,23,99,13,14,21,99,99,99,99,99,23,99,99,99,99,99,99,11,99,99,99,99,12,99,99,99,99,99,99,99,24,99,99,99,99,99,99,99,99,99,99,99,99,99,99,99,99,99,13,99,22,99,99,99,99,99,99,99,99,99,99,99,99,12,99,99,99,99,99,99,99,99,99,99,11,99,99,99,99,24,99,99,22,99,99,99,
99,99,99,99,14,99,99,99,99,99,99,21,99,99,23,99,13,14,21,99,99,99,99,99,23,99,99,12,99,99,99,11,99,99,99,99,99,99,99,99,99,99,99,99,24,99,99,99,99,99,99,99,99,99,99,99,99,99,99,99,99,99,13,99,22,99,99,99,99,99,99,99,99,99,99,99,99,12,99,99,99,99,99,99,99,99,99,99,11,99,99,99,99,24,99,99,22,99,99,99,
99,99,99,99,14,99,99,99,99,99,99,21,99,99,23,99,13,14,21,99,99,99,99,99,23,99,99,12,99,99,99,11,99,99,99,99,99,99,99,99,99,99,99,99,24,99,99,99,99,99,99,99,99,99,99,99,99,99,99,99,99,99,13,99,99,99,99,99,99,99,99,99,99,99,99,22,99,12,99,99,99,99,99,99,99,99,99,99,11,99,99,99,99,24,99,99,22,99,99,99,
99,99,99,99,14,12,99,99,99,99,99,21,99,99,23,99,13,14,21,99,99,99,99,99,23,99,99,99,99,99,99,11,99,99,99,99,99,99,99,99,99,99,99,99,24,99,99,99,99,99,99,99,99,99,99,99,99,99,99,99,99,99,13,99,99,99,99,99,99,99,99,99,99,99,99,22,99,12,99,99,99,99,99,99,99,99,99,99,11,99,99,99,99,24,99,99,22,99,99,99,
99,99,99,99,14,12,99,99,99,99,99,21,99,99,23,99,13,14,21,99,99,99,99,99,23,99,99,99,99,99,99,11,99,99,99,99,99,99,99,99,99,99,99,99,24,99,99,99,99,99,99,99,99,99,99,99,99,99,99,99,99,99,13,99,99,99,99,99,99,99,99,99,99,99,99,99,99,12,99,99,99,99,99,99,22,99,99,99,11,99,99,99,99,24,99,99,22,99,99,99,
99,99,99,99,14,12,99,13,99,99,99,21,99,99,23,99,99,14,21,99,99,99,99,99,23,99,99,99,99,99,99,11,99,99,99,99,99,99,99,99,99,99,99,99,24,99,99,99,99,99,99,99,99,99,99,99,99,99,99,99,99,99,13,99,99,99,99,99,99,99,99,99,99,99,99,99,99,12,99,99,99,99,99,99,22,99,99,99,11,99,99,99,99,24,99,99,22,99,99,99,
99,99,99,99,14,12,99,13,99,99,99,21,99,99,23,99,99,14,21,99,99,99,99,99,23,99,99,99,99,99,99,11,99,99,99,99,99,99,99,99,99,99,99,99,24,99,99,99,99,99,99,99,99,99,99,99,99,99,99,99,99,99,13,99,99,99,99,99,99,99,99,99,99,99,99,99,99,12,99,99,99,99,99,99,99,99,99,99,11,99,99,99,99,24,99,22,22,99,99,99,
99,99,99,99,14,12,99,13,99,99,99,21,99,99,23,99,99,14,21,99,99,99,99,99,23,99,99,99,99,99,99,11,99,99,99,99,99,99,99,99,99,99,99,99,24,99,99,99,99,99,99,99,99,99,99,99,99,99,99,99,99,99,13,99,99,99,12,99,99,99,99,99,99,99,99,99,99,99,99,99,99,99,99,99,99,99,99,99,11,99,99,99,99,24,99,22,22,99,99,99,
99,99,99,99,14,12,99,13,99,99,99,21,99,99,23,99,99,14,21,99,99,99,99,99,23,99,99,99,99,99,99,11,99,99,99,99,99,99,99,99,99,99,99,99,99,99,99,99,99,99,99,99,99,99,24,99,99,99,99,99,99,99,13,99,99,99,12,99,99,99,99,99,99,99,99,99,99,99,99,99,99,99,99,99,99,99,99,99,11,99,99,99,99,24,99,22,22,99,99,99,
99,99,99,99,14,12,99,13,99,99,99,21,99,99,23,99,99,14,21,99,99,99,99,99,23,99,99,99,99,99,99,11,99,99,99,99,99,99,99,99,99,99,99,99,99,99,99,99,99,99,99,99,99,99,24,12,99,99,99,99,99,99,13,99,99,99,99,99,99,99,99,99,99,99,99,99,99,99,99,99,99,99,99,99,99,99,99,99,11,99,99,99,99,24,99,22,22,99,99,99,
99,99,99,99,14,12,99,13,99,99,99,21,99,99,23,99,99,14,21,99,99,99,99,99,23,99,99,99,99,99,99,11,99,99,99,99,99,99,99,99,99,99,99,99,99,99,99,99,99,99,99,99,99,99,99,12,99,99,99,99,99,99,13,99,24,99,99,99,99,99,99,99,99,99,99,99,99,99,99,99,99,99,99,99,99,99,99,99,11,99,99,99,99,24,99,22,22,99,99,99,
99,99,99,99,14,12,99,13,99,99,99,21,99,99,23,99,99,14,21,99,99,99,99,99,23,99,99,99,99,99,99,11,99,99,99,99,99,99,99,99,99,99,99,99,12,99,99,99,99,99,99,99,99,99,99,99,99,99,99,99,99,99,13,99,24,99,99,99,99,99,99,99,99,99,99,99,99,99,99,99,99,99,99,99,99,99,99,99,11,99,99,99,99,24,99,22,22,99,99,99,
99,99,99,99,14,12,99,13,99,99,99,21,99,99,23,99,99,14,21,99,99,99,99,99,23,99,99,99,99,99,99,11,99,99,99,99,99,99,99,99,99,99,99,99,12,99,99,99,99,99,99,99,99,99,99,99,99,99,99,99,99,99,13,99,99,99,99,99,99,99,99,99,99,99,24,99,99,99,99,99,99,99,99,99,99,99,99,99,11,99,99,99,99,24,99,22,22,99,99,99,
99,99,99,99,14,12,14,13,99,99,99,21,99,99,23,99,99,99,21,99,99,99,99,99,23,99,99,99,99,99,99,11,99,99,99,99,99,99,99,99,99,99,99,99,12,99,99,99,99,99,99,99,99,99,99,99,99,99,99,99,99,99,13,99,99,99,99,99,99,99,99,99,99,99,24,99,99,99,99,99,99,99,99,99,99,99,99,99,11,99,99,99,99,24,99,22,22,99,99,99,
99,99,99,99,14,12,14,13,99,99,99,21,99,99,23,99,99,99,21,99,99,99,99,99,23,99,99,99,99,99,99,11,99,99,99,99,99,99,99,99,99,99,99,99,12,99,99,99,99,99,99,99,99,99,99,99,99,99,99,99,99,99,13,99,99,99,99,99,99,99,99,99,99,99,99,99,99,99,99,99,99,99,99,99,24,99,99,99,11,99,99,99,99,24,99,22,22,99,99,99,
99,99,99,99,14,12,14,13,99,99,99,21,99,99,23,99,99,99,21,99,99,99,99,99,23,99,99,99,99,99,99,11,99,99,99,99,99,99,99,99,99,99,99,99,12,99,99,99,99,99,99,99,99,99,99,99,99,99,99,99,99,99,13,99,99,99,99,99,99,99,99,99,99,99,99,99,99,99,11,99,99,99,99,99,24,99,99,99,99,99,99,99,99,24,99,22,22,99,99,99,
99,99,99,99,14,12,14,13,99,99,99,21,99,99,23,99,99,99,21,99,99,99,99,99,23,99,99,99,99,99,99,11,99,99,99,99,99,99,99,99,99,99,99,99,12,99,99,99,99,99,99,99,99,99,99,99,99,99,99,99,99,99,13,99,99,99,99,99,99,99,99,99,99,99,99,99,99,99,11,99,99,99,99,99,99,99,99,99,99,99,99,99,99,24,24,22,22,99,99,99,
99,99,99,99,14,12,14,13,99,99,99,21,99,99,23,99,99,99,21,99,99,99,99,99,23,99,99,99,99,99,99,11,99,99,99,99,99,99,99,99,99,99,99,99,12,99,99,99,99,99,99,99,99,99,99,99,99,99,99,99,99,99,13,99,99,99,99,99,11,99,99,99,99,99,99,99,99,99,99,99,99,99,99,99,99,99,99,99,99,99,99,99,99,24,24,22,22,99,99,99,
99,99,99,99,14,12,14,13,99,99,99,21,99,99,23,99,99,99,21,99,99,99,99,99,99,99,99,99,99,99,99,11,99,99,99,23,99,99,99,99,99,99,99,99,12,99,99,99,99,99,99,99,99,99,99,99,99,99,99,99,99,99,13,99,99,99,99,99,11,99,99,99,99,99,99,99,99,99,99,99,99,99,99,99,99,99,99,99,99,99,99,99,99,24,24,22,22,99,99,99,
99,99,99,99,14,12,14,13,99,99,99,21,99,99,23,99,99,99,21,99,99,99,99,99,99,99,99,99,99,99,99,11,99,99,99,23,99,99,99,99,99,99,99,99,12,99,99,99,99,99,99,99,99,99,99,99,99,99,11,99,99,99,13,99,99,99,99,99,99,99,99,99,99,99,99,99,99,99,99,99,99,99,99,99,99,99,99,99,99,99,99,99,99,24,24,22,22,99,99,99,
99,99,99,99,14,12,14,13,99,99,99,21,99,99,23,99,99,99,21,99,99,99,99,99,99,99,99,99,99,99,99,11,99,99,99,99,99,99,99,99,99,99,99,99,12,99,99,99,99,99,99,99,99,99,99,99,99,99,11,99,99,99,13,99,99,99,99,99,99,99,99,23,99,99,99,99,99,99,99,99,99,99,99,99,99,99,99,99,99,99,99,99,99,24,24,22,22,99,99,99,
99,99,99,99,14,12,14,13,99,99,99,21,99,99,23,99,99,99,21,99,99,99,99,99,99,99,99,99,99,99,99,11,99,99,99,99,99,99,99,99,99,99,99,99,12,99,99,99,11,99,99,99,99,99,99,99,99,99,99,99,99,99,13,99,99,99,99,99,99,99,99,23,99,99,99,99,99,99,99,99,99,99,99,99,99,99,99,99,99,99,99,99,99,24,24,22,22,99,99,99,
99,99,99,99,14,12,14,13,99,99,99,21,99,99,23,99,99,99,21,99,99,99,99,99,99,99,99,99,99,99,99,11,99,99,99,99,99,99,99,99,99,99,99,99,12,99,99,99,11,99,99,99,99,99,99,99,99,99,99,99,99,99,13,99,99,99,99,99,99,99,99,99,99,99,99,99,99,99,99,99,99,99,23,99,99,99,99,99,99,99,99,99,99,24,24,22,22,99,99,99,
99,99,99,99,14,12,14,13,99,99,99,21,99,99,23,99,99,99,21,99,99,99,99,99,99,99,99,99,99,99,99,11,99,99,99,99,99,99,11,99,99,99,99,99,12,99,99,99,99,99,99,99,99,99,99,99,99,99,99,99,99,99,13,99,99,99,99,99,99,99,99,99,99,99,99,99,99,99,99,99,99,99,23,99,99,99,99,99,99,99,99,99,99,24,24,22,22,99,99,99,
99,99,99,99,14,12,14,13,99,99,99,21,99,99,23,99,99,99,21,99,99,99,99,99,99,99,99,99,99,99,99,11,99,99,99,99,99,99,11,99,99,99,99,99,12,99,99,99,99,99,99,99,99,99,99,99,99,99,99,99,99,99,13,99,99,99,99,99,99,99,99,99,99,99,99,99,99,99,99,99,99,99,99,99,99,99,99,99,99,99,99,23,99,24,24,22,22,99,99,99,
99,99,99,99,14,12,14,13,99,99,99,21,99,99,23,99,99,99,21,99,99,99,99,99,99,99,99,99,99,99,99,11,99,12,99,99,99,99,11,99,99,99,99,99,99,99,99,99,99,99,99,99,99,99,99,99,99,99,99,99,99,99,13,99,99,99,99,99,99,99,99,99,99,99,99,99,99,99,99,99,99,99,99,99,99,99,99,99,99,99,99,23,99,24,24,22,22,99,99,99,
99,99,99,99,14,12,14,13,99,99,99,21,99,99,99,99,99,99,21,99,99,99,99,99,99,23,99,99,99,99,99,11,99,12,99,99,99,99,11,99,99,99,99,99,99,99,99,99,99,99,99,99,99,99,99,99,99,99,99,99,99,99,13,99,99,99,99,99,99,99,99,99,99,99,99,99,99,99,99,99,99,99,99,99,99,99,99,99,99,99,99,23,99,24,24,22,22,99,99,99,
99,99,99,99,14,12,14,13,99,99,99,21,99,99,99,99,99,99,21,99,99,99,99,99,99,23,99,99,99,99,99,11,99,12,99,99,99,99,11,99,99,99,99,99,99,99,99,99,99,99,99,99,99,13,99,99,99,99,99,99,99,99,99,99,99,99,99,99,99,99,99,99,99,99,99,99,99,99,99,99,99,99,99,99,99,99,99,99,99,99,99,23,99,24,24,22,22,99,99,99,
99,99,99,99,14,12,14,13,99,99,99,21,99,99,99,99,99,99,21,99,99,99,99,99,99,99,99,99,99,99,99,11,99,12,99,99,23,99,11,99,99,99,99,99,99,99,99,99,99,99,99,99,99,13,99,99,99,99,99,99,99,99,99,99,99,99,99,99,99,99,99,99,99,99,99,99,99,99,99,99,99,99,99,99,99,99,99,99,99,99,99,23,99,24,24,22,22,99,99,99,
99,99,99,99,14,12,14,13,99,99,99,21,99,99,99,99,99,99,21,99,99,99,99,99,99,99,99,99,99,99,99,11,99,12,99,99,23,99,11,99,99,99,99,99,13,99,99,99,99,99,99,99,99,99,99,99,99,99,99,99,99,99,99,99,99,99,99,99,99,99,99,99,99,99,99,99,99,99,99,99,99,99,99,99,99,99,99,99,99,99,99,23,99,24,24,22,22,99,99,99,
99,99,99,99,14,12,14,13,99,99,99,21,99,99,99,99,99,99,21,99,99,99,99,99,99,99,99,99,99,99,99,11,99,12,99,99,99,99,11,99,99,99,99,99,13,99,99,23,99,99,99,99,99,99,99,99,99,99,99,99,99,99,99,99,99,99,99,99,99,99,99,99,99,99,99,99,99,99,99,99,99,99,99,99,99,99,99,99,99,99,99,23,99,24,24,22,22,99,99,99,
99,99,99,99,14,12,14,13,99,99,99,21,99,99,99,99,99,99,21,99,99,99,13,99,99,99,99,99,99,99,99,11,99,12,99,99,99,99,11,99,99,99,99,99,99,99,99,23,99,99,99,99,99,99,99,99,99,99,99,99,99,99,99,99,99,99,99,99,99,99,99,99,99,99,99,99,99,99,99,99,99,99,99,99,99,99,99,99,99,99,99,23,99,24,24,22,22,99,99,99,
99,99,99,99,14,12,14,13,99,99,99,21,99,99,99,99,99,99,99,99,99,99,13,99,99,99,99,99,21,99,99,11,99,12,99,99,99,99,11,99,99,99,99,99,99,99,99,23,99,99,99,99,99,99,99,99,99,99,99,99,99,99,99,99,99,99,99,99,99,99,99,99,99,99,99,99,99,99,99,99,99,99,99,99,99,99,99,99,99,99,99,23,99,24,24,22,22,99,99,99,
99,99,99,99,14,12,14,13,99,99,99,21,99,99,99,99,99,99,11,99,99,99,13,99,99,99,99,99,21,99,99,11,99,12,99,99,99,99,99,99,99,99,99,99,99,99,99,23,99,99,99,99,99,99,99,99,99,99,99,99,99,99,99,99,99,99,99,99,99,99,99,99,99,99,99,99,99,99,99,99,99,99,99,99,99,99,99,99,99,99,99,23,99,24,24,22,22,99,99,99,
99,99,99,99,14,12,14,13,99,99,99,21,99,99,99,99,99,99,11,99,99,99,13,99,99,99,99,99,99,99,99,11,99,12,99,99,99,99,21,99,99,99,99,99,99,99,99,23,99,99,99,99,99,99,99,99,99,99,99,99,99,99,99,99,99,99,99,99,99,99,99,99,99,99,99,99,99,99,99,99,99,99,99,99,99,99,99,99,99,99,99,23,99,24,24,22,22,99,99,99,
99,99,99,99,14,12,14,13,11,99,99,21,99,99,99,99,99,99,99,99,99,99,13,99,99,99,99,99,99,99,99,11,99,12,99,99,99,99,21,99,99,99,99,99,99,99,99,23,99,99,99,99,99,99,99,99,99,99,99,99,99,99,99,99,99,99,99,99,99,99,99,99,99,99,99,99,99,99,99,99,99,99,99,99,99,99,99,99,99,99,99,23,99,24,24,22,22,99,99,99,
99,99,99,99,14,12,14,13,11,99,99,21,99,99,99,99,99,99,99,99,99,99,13,99,99,99,99,99,99,99,99,11,99,12,99,99,99,99,99,99,99,99,99,99,99,99,99,23,21,99,99,99,99,99,99,99,99,99,99,99,99,99,99,99,99,99,99,99,99,99,99,99,99,99,99,99,99,99,99,99,99,99,99,99,99,99,99,99,99,99,99,23,99,24,24,22,22,99,99,99,
99,99,99,99,14,12,14,13,11,99,99,21,99,13,99,99,99,99,99,99,99,99,99,99,99,99,99,99,99,99,99,11,99,12,99,99,99,99,99,99,99,99,99,99,99,99,99,23,21,99,99,99,99,99,99,99,99,99,99,99,99,99,99,99,99,99,99,99,99,99,99,99,99,99,99,99,99,99,99,99,99,99,99,99,99,99,99,99,99,99,99,23,99,24,24,22,22,99,99,99,
99,99,99,99,14,12,14,13,11,99,99,21,99,13,99,99,99,99,99,99,99,99,99,99,99,99,99,99,99,99,99,11,99,12,99,99,99,99,99,99,99,99,99,99,99,99,99,23,99,99,99,99,99,99,99,99,99,99,21,99,99,99,99,99,99,99,99,99,99,99,99,99,99,99,99,99,99,99,99,99,99,99,99,99,99,99,99,99,99,99,99,23,99,24,24,22,22,99,99,99,
99,99,13,99,14,12,14,13,11,99,99,21,99,99,99,99,99,99,99,99,99,99,99,99,99,99,99,99,99,99,99,11,99,12,99,99,99,99,99,99,99,99,99,99,99,99,99,23,99,99,99,99,99,99,99,99,99,99,21,99,99,99,99,99,99,99,99,99,99,99,99,99,99,99,99,99,99,99,99,99,99,99,99,99,99,99,99,99,99,99,99,23,99,24,24,22,22,99,99,99,
99,99,13,99,14,12,14,13,11,99,99,21,99,99,99,99,99,99,99,99,99,99,99,99,99,99,99,99,99,99,99,11,99,12,99,99,99,99,99,99,99,99,99,99,99,99,99,23,99,99,99,99,99,99,99,99,99,99,99,99,99,99,99,99,99,99,99,99,21,99,99,99,99,99,99,99,99,99,99,99,99,99,99,99,99,99,99,99,99,99,99,23,99,24,24,22,22,99,99,99,
99,99,13,99,14,12,14,13,11,99,99,21,99,99,99,99,99,99,99,99,99,99,99,99,12,99,99,99,99,99,99,11,99,99,99,99,99,99,99,99,99,99,99,99,99,99,99,23,99,99,99,99,99,99,99,99,99,99,99,99,99,99,99,99,99,99,99,99,21,99,99,99,99,99,99,99,99,99,99,99,99,99,99,99,99,99,99,99,99,99,99,23,99,24,24,22,22,99,99,99,
99,99,13,99,14,12,14,13,11,99,99,21,99,99,99,99,99,99,99,99,99,99,99,99,12,99,99,99,99,99,99,11,99,99,99,99,99,99,99,99,99,99,99,99,99,99,99,23,99,99,99,99,99,99,99,99,99,99,99,99,99,99,99,99,99,99,99,99,99,99,99,99,99,99,99,99,99,99,21,99,99,99,99,99,99,99,99,99,99,99,99,23,99,24,24,22,22,99,99,99,
99,99,13,99,14,12,14,13,11,99,99,21,99,12,99,99,99,99,99,99,99,99,99,99,99,99,99,99,99,99,99,11,99,99,99,99,99,99,99,99,99,99,99,99,99,99,99,23,99,99,99,99,99,99,99,99,99,99,99,99,99,99,99,99,99,99,99,99,99,99,99,99,99,99,99,99,99,99,21,99,99,99,99,99,99,99,99,99,99,99,99,23,99,24,24,22,22,99,99,99,
99,99,13,99,14,12,14,13,11,99,99,21,99,12,99,99,99,99,99,99,99,99,99,99,99,99,99,99,99,99,99,11,99,99,99,99,99,99,99,99,99,99,99,99,99,99,99,23,99,99,99,99,99,99,99,99,99,99,99,99,99,99,99,99,99,99,99,99,99,99,99,99,99,99,99,99,99,99,99,99,99,99,99,99,99,99,99,99,21,99,99,23,99,24,24,22,22,99,99,99,
99,99,13,14,99,12,14,13,11,99,99,21,99,12,99,99,99,99,99,99,99,99,99,99,99,99,99,99,99,99,99,11,99,99,99,99,99,99,99,99,99,99,99,99,99,99,99,23,99,99,99,99,99,99,99,99,99,99,99,99,99,99,99,99,99,99,99,99,99,99,99,99,99,99,99,99,99,99,99,99,99,99,99,99,99,99,99,99,21,99,99,23,99,24,24,22,22,99,99,99,
99,99,13,14,99,12,14,13,11,99,99,21,99,12,99,99,99,99,99,99,99,99,99,99,99,99,99,99,99,99,99,11,99,99,99,99,99,99,99,99,99,99,99,99,99,99,99,23,99,99,99,99,99,99,99,99,99,99,99,99,99,99,99,99,99,99,99,99,99,99,99,99,99,99,99,99,99,99,99,99,99,99,99,99,99,99,99,99,99,99,99,23,99,24,24,22,22,99,21,99,
99,99,13,14,12,12,14,13,11,99,99,21,99,99,99,99,99,99,99,99,99,99,99,99,99,99,99,99,99,99,99,11,99,99,99,99,99,99,99,99,99,99,99,99,99,99,99,23,99,99,99,99,99,99,99,99,99,99,99,99,99,99,99,99,99,99,99,99,99,99,99,99,99,99,99,99,99,99,99,99,99,99,99,99,99,99,99,99,99,99,99,23,99,24,24,22,22,99,21,99,
99,99,13,14,12,12,14,13,11,99,99,21,99,99,99,99,99,99,99,99,99,99,99,99,99,99,99,99,99,99,99,11,99,99,99,99,99,99,99,99,99,99,99,99,99,99,99,99,99,99,99,99,99,99,99,99,23,99,99,99,99,99,99,99,99,99,99,99,99,99,99,99,99,99,99,99,99,99,99,99,99,99,99,99,99,99,99,99,99,99,99,23,99,24,24,22,22,99,21,99,
99,99,13,14,12,12,14,13,11,99,99,21,99,99,99,99,99,99,99,99,99,11,99,99,99,99,99,99,99,99,99,99,99,99,99,99,99,99,99,99,99,99,99,99,99,99,99,99,99,99,99,99,99,99,99,99,23,99,99,99,99,99,99,99,99,99,99,99,99,99,99,99,99,99,99,99,99,99,99,99,99,99,99,99,99,99,99,99,99,99,99,23,99,24,24,22,22,99,21,99,
99,99,13,14,12,12,14,13,11,99,99,99,99,99,99,99,99,99,99,99,99,11,99,99,99,99,99,99,99,99,99,21,99,99,99,99,99,99,99,99,99,99,99,99,99,99,99,99,99,99,99,99,99,99,99,99,23,99,99,99,99,99,99,99,99,99,99,99,99,99,99,99,99,99,99,99,99,99,99,99,99,99,99,99,99,99,99,99,99,99,99,23,99,24,24,22,22,99,21,99,
99,99,13,14,12,12,14,13,11,99,99,11,99,99,99,99,99,99,99,99,99,99,99,99,99,99,99,99,99,99,99,21,99,99,99,99,99,99,99,99,99,99,99,99,99,99,99,99,99,99,99,99,99,99,99,99,23,99,99,99,99,99,99,99,99,99,99,99,99,99,99,99,99,99,99,99,99,99,99,99,99,99,99,99,99,99,99,99,99,99,99,23,99,24,24,22,22,99,21,99,
99,99,13,14,12,12,14,13,11,99,99,11,99,99,99,99,99,99,99,99,99,99,99,99,99,99,99,99,99,99,99,21,99,99,99,99,99,99,99,99,99,99,99,99,99,99,99,99,99,99,99,99,99,99,99,99,99,99,99,99,99,99,99,99,99,99,99,23,99,99,99,99,99,99,99,99,99,99,99,99,99,99,99,99,99,99,99,99,99,99,99,23,99,24,24,22,22,99,21,99,
